14.9161
14.9161
20.9757
15.3822
14.9161
24.2386
16.3144
14.9161
16.3144
16.3144
24.7047
14.9161
14.9161
16.3144
26.1031
15.3822
15.3822
14.9161
27.9676
16.3144
15.3822
14.9161
15.3822
14.9161
14.9161
23.7725
15.3822
14.9161
15.3822
17.7128
16.3144
23.3064
16.3144
14.9161
16.3144
14.9161
16.3144
15.8483
14.9161
15.3822
26.1031
16.3144
14.9161
15.8483
16.3144
15.8483
25.637
14.9161
20.5096
14.9161
27.9676
14.9161
16.3144
15.3822
15.3822
15.3822
16.3144
16.3144
14.9161
16.3144
16.3144
16.3144
14.9161
14.9161
14.9161
24.7047
16.3144
16.3144
30.2983
18.179
14.9161
15.3822
24.2386
16.3144
14.9161
16.3144
16.3144
14.9161
27.9676
14.9161
25.1709
15.3822
24.2386
16.3144
15.8483
15.3822
15.8483
16.3144
14.9161
15.3822
16.3144
14.9161
14.9161
16.7806
16.3144
16.7806
16.3144
27.9676
16.3144
29.366
